-137
-144
-152
-160
-163
-178
-185
-189
-203
-205
-223
-227
-227
-231
-239
-244
-245
-245
-247
-249
-251
-254
-264
-265
-266
-270
-281
-284
-286
-287
-288
-288
-291
-292
-292
-293
-293
-298
-300
-302
-311
-314
-315
-324
-324
-325
-330
-337
-343
-344
-349
-362
-377
-378
-379
-380
-382
-382
-387
-387
-388
-392
-395
-396
-403
-414
-416
-427
-432
-433
-436
-440
-442
-442
-444
-444
-447
-448
-449
-450
-456
-457
-458
-460
-461
-461
-462
-466
-467
-470
-473
-478
-479
-482
-488
-489
-490
-491
-491
-493
